1,0#851.1,667.7;851.1,588.9;827.4,644.0;772.3,648.0;752.6,730.7;764.4,825.3;799.8,644.0;788.0,506.2;788.0,510.1;784.1,443.1;827.4,407.7;839.2,451.0;827.4,502.2;744.7,506.2;764.4,478.6;799.8,419.5
2,0#849.1,666.9;845.4,588.9;821.0,627.3;766.6,631.2;756.8,710.6;772.9,803.2;794.0,627.3;778.7,491.9;778.7,494.1;772.2,427.9;825.9,405.4;837.1,444.5;819.4,486.8;734.3,493.2;751.1,476.0;784.5,430.9
3,0#847.1,666.2;839.8,589.0;814.6,610.6;761.0,614.4;761.0,690.4;781.3,781.0;788.1,610.6;769.5,477.7;769.5,478.2;760.4,412.8;824.4,403.0;835.0,437.9;811.3,471.4;723.9,480.2;737.8,473.4;769.3,442.2
4,0#845.2,665.4;834.1,589.0;808.2,593.9;755.3,597.6;765.2,670.2;789.8,758.9;782.3,593.9;760.2,463.4;760.2,462.2;748.5,397.6;823.0,400.7;832.8,431.4;803.3,456.0;713.4,467.2;724.5,470.8;754.0,453.6
5,0#843.2,664.6;828.4,589.1;801.8,577.2;749.7,580.9;769.4,650.1;798.2,736.8;776.5,577.2;750.9,449.2;750.9,446.2;736.7,382.4;821.5,398.4;830.7,424.9;795.3,440.7;703.0,454.2;711.2,468.2;738.8,464.9
6,0#841.2,663.8;822.8,589.1;795.4,560.5;744.0,564.1;773.5,630.0;806.6,714.7;770.7,560.5;741.6,434.9;741.6,430.3;724.8,367.2;820.0,396.0;828.6,418.4;787.2,425.3;692.6,441.1;697.9,465.7;723.5,476.3
7,0#839.2,663.1;817.1,589.1;789.0,543.8;738.3,547.3;777.7,609.8;815.1,692.5;764.8,543.8;732.4,420.7;732.4,414.3;712.9,352.1;818.5,393.7;826.5,411.9;779.2,409.9;682.2,428.1;684.6,463.1;708.2,487.7
8,0#837.3,662.3;811.5,589.2;782.6,527.1;732.7,530.5;781.9,589.7;823.5,670.4;759.0,527.1;723.1,406.4;723.1,398.4;701.1,336.9;817.1,391.3;824.3,405.3;771.1,394.5;671.7,415.1;671.3,460.5;693.0,499.0
9,0#835.3,661.5;805.8,589.2;776.2,510.4;727.0,513.7;786.1,569.5;832.0,648.3;753.2,510.4;713.8,392.2;713.8,382.4;689.2,321.7;815.6,389.0;822.2,398.8;763.1,379.1;661.3,402.1;658.0,457.9;677.7,510.4
10,0#819.6,650.3;792.4,575.4;765.1,497.0;717.4,493.6;778.7,565.1;795.8,592.4;744.7,493.6;700.4,374.4;700.4,367.6;678.2,301.2;792.4,360.8;816.2,371.0;748.1,360.8;645.9,384.6;652.7,449.3;669.7,497.0
11,0#786.3,641.7;782.9,553.8;745.7,476.0;694.9,472.6;654.3,442.2;684.8,513.2;722.0,476.0;691.5,354.2;694.9,354.2;666.2,288.2;766.0,310.2;803.2,340.7;738.9,344.1;650.9,364.4;596.8,340.7;637.4,391.4
12,0#767.5,610.8;768.7,524.0;730.4,473.0;679.2,470.9;651.4,457.1;684.3,528.4;706.2,473.6;684.4,348.5;687.1,348.5;668.8,283.2;753.2,303.4;784.3,335.1;730.2,343.7;644.0,352.7;602.1,327.2;643.1,363.1
13,0#748.7,579.9;754.6,494.2;715.1,469.9;663.5,469.2;648.4,472.1;683.8,543.6;690.4,471.2;677.3,342.8;679.4,342.8;671.4,278.2;740.5,296.6;765.4,329.5;721.6,343.3;637.1,341.0;607.3,313.6;648.8,334.8
14,0#729.9,549.0;740.4,464.4;699.8,466.9;647.9,467.5;645.5,487.0;683.4,558.9;674.5,468.9;670.3,337.1;671.6,337.1;673.9,273.1;727.7,289.9;746.6,323.8;712.9,343.0;630.3,329.4;612.6,300.1;654.5,306.6
15,0#711.1,518.1;726.3,434.6;684.5,463.8;632.2,465.8;642.5,502.0;682.9,574.1;658.7,466.5;663.2,331.4;663.9,331.4;676.5,268.1;715.0,283.1;727.7,318.2;704.3,342.6;623.4,317.7;617.8,286.5;660.2,278.3
16,0#692.3,487.2;712.1,404.8;669.2,460.8;616.5,464.1;639.6,516.9;682.4,589.3;642.9,464.1;656.1,325.7;656.1,325.7;679.1,263.1;702.2,276.3;708.8,312.6;695.6,342.2;616.5,306.0;623.1,273.0;665.9,250.0
17,0#678.4,454.9;690.7,390.1;653.7,461.1;601.3,458.0;619.8,513.5;653.7,584.4;626.0,458.0;647.5,328.4;647.5,325.4;683.0,268.3;700.0,288.4;706.1,334.6;681.5,353.1;613.6,303.8;635.2,285.3;664.5,274.5
18,0#667.8,466.7;685.9,397.9;646.3,456.6;591.2,448.3;620.4,488.9;646.8,557.9;615.6,449.3;645.6,326.4;646.6,322.2;680.4,274.7;697.3,306.3;703.9,348.4;680.0,348.4;611.6,302.3;613.7,302.0;664.3,296.4
19,0#657.2,478.5;681.1,405.7;638.9,452.0;581.1,438.6;620.9,464.4;639.9,531.4;605.3,440.6;643.7,324.4;645.7,318.9;677.8,281.1;694.6,324.1;701.6,362.1;678.5,343.7;609.5,300.8;592.2,318.7;664.0,318.2
20,0#646.6,490.3;676.3,413.4;631.5,447.5;571.0,428.9;621.5,439.8;633.0,504.9;595.0,431.8;641.8,322.4;644.8,315.7;675.1,287.4;692.0,342.0;699.4,375.9;677.0,339.0;607.5,299.2;570.6,335.3;663.8,340.1
21,0#636.0,502.1;671.5,421.2;624.1,442.9;560.9,419.2;622.1,415.2;626.1,478.4;584.6,423.1;639.9,320.4;643.9,312.5;672.5,293.8;689.3,359.9;697.2,389.6;675.5,334.3;605.4,297.7;549.1,352.0;663.6,361.9
22,0#636.3,524.2;666.7,437.9;618.5,430.3;567.8,415.1;557.6,339.0;560.2,399.8;593.1,420.1;636.3,316.1;641.3,300.9;660.4,264.1;699.7,382.1;699.7,387.2;681.9,331.3;593.1,300.9;588.1,341.5;618.5,349.1
23,0#635.6,540.8;661.6,462.6;624.0,424.9;577.6,413.3;624.0,419.1;635.6,514.7;600.8,422.0;632.7,311.9;638.4,300.4;654.4,243.9;699.3,390.1;702.2,387.2;679.0,326.4;589.2,297.5;568.9,340.9;618.2,349.6
24,0#636.1,557.2;658.2,474.9;636.1,417.9;588.6,411.6;645.6,452.7;642.4,474.9;610.8,414.7;632.9,300.8;636.1,291.3;656.7,232.7;702.6,414.7;702.6,373.6;680.4,316.6;585.4,288.1;588.6,326.1;607.6,335.6
25,0#651.0,571.7;664.3,492.0;654.3,422.2;597.9,415.6;581.3,395.7;611.1,455.4;627.7,418.9;634.4,292.7;637.7,282.8;652.6,228.0;704.1,405.6;704.1,362.5;684.2,306.0;587.9,276.1;554.7,249.6;577.9,272.8
26,0#660.2,567.2;670.6,487.2;656.7,414.1;601.0,410.6;608.0,428.0;621.9,487.2;628.9,410.6;635.8,285.3;639.3,274.9;648.0,214.0;695.0,393.2;708.9,351.5;684.5,295.8;590.6,267.9;557.5,220.9;599.3,214.0
27,0#664.9,544.2;682.8,464.1;659.0,411.7;604.8,409.3;611.9,441.6;622.4,509.1;631.9,409.3;638.9,278.3;641.3,271.4;650.7,207.7;708.8,356.4;723.0,329.8;687.2,286.5;593.0,263.1;558.7,218.4;594.5,198.5
28,0#669.7,521.1;695.1,440.9;661.2,409.2;608.5,408.1;615.8,455.3;622.8,531.0;634.9,408.1;642.1,271.4;643.2,267.9;653.5,201.3;722.7,319.5;737.0,308.0;690.0,277.3;595.3,258.2;560.0,215.8;589.8,183.1
29,0#674.4,498.1;707.3,417.8;663.5,406.8;612.3,406.8;619.7,468.9;623.3,552.9;637.9,406.8;645.2,264.4;645.2,264.4;656.2,195.0;736.5,282.7;751.1,286.3;692.7,268.0;597.7,253.4;561.2,213.3;585.0,167.6
30,0#688.9,477.2;723.6,400.1;669.6,400.1;611.8,400.1;615.7,481.0;623.4,573.5;638.8,400.1;642.7,261.4;642.7,261.4;658.1,188.2;700.5,238.3;750.6,261.4;692.8,261.4;600.3,253.7;557.9,230.6;584.9,195.9
31,0#705.4,434.6;724.1,363.6;668.1,400.9;615.8,404.7;615.8,490.6;612.0,569.1;641.9,400.9;645.7,266.4;645.7,266.4;662.5,193.6;698.0,210.4;739.1,244.0;690.5,273.9;597.1,259.0;563.5,255.2;585.9,217.9
32,0#708.8,421.5;708.8,335.8;680.2,397.7;623.0,407.2;613.5,488.1;608.8,578.6;646.9,397.7;651.6,269.1;651.6,269.1;656.4,197.7;704.0,183.4;732.6,231.0;694.5,273.9;608.8,269.1;570.7,269.1;589.7,235.8
33,0#731.5,393.0;697.6,393.0;693.3,405.7;629.7,414.2;604.2,477.9;599.9,575.5;663.6,410.0;646.6,274.1;646.6,278.4;655.1,206.2;710.3,176.5;727.3,231.7;693.3,274.1;604.2,269.9;578.7,303.9;583.0,282.6
34,0#729.5,402.9;689.2,415.0;689.2,419.0;632.9,419.0;608.7,475.3;596.6,567.9;665.1,419.0;649.0,286.1;649.0,282.1;653.0,213.7;725.4,177.5;721.4,225.8;693.2,278.1;600.7,294.2;580.5,334.4;588.6,294.2
35,0#617.1,516.4;684.7,416.7;691.8,423.8;638.4,423.8;613.5,470.1;602.8,559.1;666.9,423.8;642.0,295.6;642.0,288.5;652.7,217.3;736.3,183.5;720.3,231.5;691.8,284.9;595.7,302.7;570.8,349.0;585.0,331.2
36,0#725.0,454.3;718.3,377.6;705.0,414.3;641.7,424.3;605.0,447.6;618.3,547.6;668.3,424.3;641.7,297.6;641.7,287.6;648.3,220.9;726.7,205.9;728.3,257.6;691.7,287.6;591.7,307.6;575.0,360.9;595.0,350.9
37,0#723.8,479.0;717.6,398.1;692.7,419.9;642.9,432.3;602.4,435.5;630.4,531.9;667.8,429.2;639.8,304.8;639.8,289.2;646.0,223.9;739.3,230.1;730.0,279.9;689.6,292.3;586.9,311.0;571.3,363.9;596.2,348.3
38,0#721.0,507.5;721.0,416.5;678.3,425.0;618.6,425.0;598.7,427.9;632.8,498.9;652.7,427.9;635.7,305.6;635.7,288.5;651.3,224.5;735.2,251.5;729.5,291.4;684.0,294.2;584.5,311.3;561.7,356.8;593.0,351.1
39,0#723.2,537.5;720.4,444.5;672.5,427.6;616.1,427.6;616.1,405.1;633.0,461.4;641.5,424.8;633.0,306.4;633.0,289.5;645.7,228.9;737.3,275.4;728.9,300.8;681.0,298.0;579.5,309.2;545.7,348.7;573.9,351.5
40,0#723.2,557.0;714.3,467.3;669.4,422.5;612.6,425.5;621.6,410.5;585.7,452.4;639.5,422.5;624.6,305.9;627.6,290.9;638.0,238.6;729.2,299.9;720.3,317.8;678.4,299.9;573.7,305.9;525.9,329.8;552.8,335.8
41,0#722.3,567.2;709.4,489.8;670.7,425.3;615.8,428.5;615.8,418.8;580.3,476.9;641.6,428.5;625.5,302.7;625.5,293.0;627.1,233.3;728.7,318.8;712.6,334.9;673.9,302.7;573.9,302.7;515.8,309.1;554.5,293.0
42,0#708.8,570.0;705.4,480.9;660.9,419.2;606.0,415.7;626.6,405.5;602.6,484.3;633.4,419.2;623.1,302.6;619.7,292.4;626.6,223.8;739.7,347.2;715.7,347.2;674.6,306.1;568.3,299.2;523.7,285.5;547.7,251.2
43,0#689.0,549.2;706.2,456.3;658.0,418.5;606.4,421.9;599.5,411.6;616.7,494.2;634.0,421.9;623.6,298.0;623.6,291.1;630.5,225.8;740.6,363.4;713.1,349.6;675.3,308.3;578.9,298.0;541.0,273.9;544.5,225.8
44,0#665.0,555.4;715.6,449.2;670.1,419.9;615.1,422.1;599.2,428.7;618.9,515.7;642.8,422.1;632.8,301.4;632.8,292.7;639.9,232.2;740.6,370.8;725.4,354.4;684.7,310.4;585.5,298.4;545.8,287.4;550.2,244.0
45,0#641.1,561.7;725.1,442.1;682.3,421.2;623.9,422.4;598.9,445.7;621.1,537.1;651.6,422.4;641.9,304.9;641.9,294.4;649.4,238.6;740.7,378.2;737.7,359.1;694.2,312.4;592.0,298.7;550.5,301.0;555.8,262.3
46,0#617.1,567.9;734.5,435.0;694.4,422.6;632.6,422.6;598.6,462.8;623.3,558.6;660.4,422.6;651.1,308.3;651.1,296.0;658.8,245.0;740.7,385.6;750.0,363.9;703.6,314.5;598.6,299.1;555.3,314.5;561.5,280.5
47,0#709.4,484.9;689.5,428.6;696.1,428.6;636.5,435.2;603.4,494.8;620.0,584.2;666.3,435.2;659.7,306.1;659.7,292.9;668.0,241.6;735.9,342.5;778.9,352.5;712.7,312.7;610.1,299.5;567.0,326.0;567.0,299.5
48,0#633.3,586.3;647.5,515.3;690.1,430.1;633.3,433.6;622.6,504.7;622.6,589.9;661.7,430.1;668.8,302.3;668.8,288.1;674.1,233.0;771.7,320.0;786.0,323.6;725.6,302.3;615.5,298.7;580.0,337.8;569.4,316.5
49,0#718.1,494.3;705.2,461.9;689.0,416.6;637.2,419.8;621.0,491.0;637.2,581.6;663.1,419.8;672.8,296.8;672.8,277.4;680.9,233.7;731.1,248.3;782.8,280.7;724.6,290.4;617.8,296.8;578.9,342.1;569.2,329.2
50,0#717.5,524.0;701.8,445.3;701.8,404.4;645.1,404.4;613.7,461.1;648.3,552.3;673.5,404.4;670.3,288.0;673.5,272.3;678.2,229.8;741.1,229.8;753.7,236.1;714.4,281.7;620.0,291.1;591.6,344.6;575.9,350.9
51,0#713.0,522.8;706.1,440.8;706.1,406.6;651.5,406.6;607.0,423.7;644.6,512.6;678.8,410.0;668.5,283.6;668.5,276.7;668.5,208.4;728.4,179.3;736.9,222.1;716.4,273.3;617.3,297.3;589.9,358.8;572.8,365.6
52,0#713.3,534.7;716.7,459.1;699.5,411.0;651.4,414.4;603.3,404.1;641.1,472.8;678.9,411.0;665.2,290.7;661.7,277.0;651.4,211.7;735.6,182.5;747.6,228.9;713.3,270.1;610.2,304.5;589.6,373.2;575.8,386.9
53,0#720.2,556.5;723.7,476.1;695.7,406.1;650.3,402.6;622.3,392.2;611.8,420.1;667.7,402.6;646.8,287.3;646.8,280.3;631.0,219.1;763.9,226.1;748.2,241.8;692.2,262.8;597.8,304.8;576.8,374.7;569.8,413.1
54,0#724.9,569.2;721.3,487.9;696.6,399.5;647.1,399.5;661.2,427.8;724.9,562.1;671.8,399.5;629.4,279.3;629.4,272.2;613.5,213.9;735.5,226.3;742.5,261.6;678.9,261.6;579.9,300.5;562.2,360.6;569.3,399.5
55,0#723.0,562.6;709.5,481.8;686.0,387.6;632.1,387.6;632.1,458.3;618.7,481.8;659.0,387.6;622.0,269.8;618.7,263.1;606.9,197.5;733.1,253.0;733.1,273.2;669.1,256.4;571.6,286.6;537.9,337.1;574.9,370.8
56,0#715.1,551.5;715.1,458.0;673.2,387.0;624.8,390.3;631.3,461.2;621.6,499.9;650.6,387.0;615.1,264.5;611.9,251.6;603.9,198.4;728.0,274.2;721.6,287.1;663.5,251.6;560.3,274.2;521.6,312.9;557.1,319.3
57,0#710.3,527.8;721.0,442.0;671.0,381.2;617.3,377.6;631.6,413.4;628.1,509.9;642.4,381.2;610.2,259.7;610.2,249.0;601.3,175.7;731.7,288.3;710.3,291.9;660.2,252.5;560.2,266.8;506.5,277.6;520.8,277.6
58,0#710.0,503.1;730.3,411.5;659.1,367.4;604.8,374.2;625.2,425.1;628.6,523.5;631.9,370.8;611.6,255.5;611.6,245.3;606.5,185.9;740.5,306.4;710.0,292.8;659.1,252.1;567.5,255.5;591.2,289.4;608.2,282.6
59,0#711.4,468.6;736.2,383.7;658.4,369.6;598.2,376.6;619.5,447.4;626.5,539.3;630.1,376.6;612.4,245.8;612.4,238.7;603.6,176.8;725.6,305.9;715.0,295.3;661.9,249.3;562.9,238.7;520.4,203.3;568.2,183.9
60,0#711.0,436.8;743.9,363.7;656.1,363.7;597.6,374.7;612.2,466.1;630.5,564.9;626.9,371.0;612.2,239.3;612.2,232.0;610.4,168.0;722.0,323.4;707.4,294.2;663.5,243.0;564.7,232.0;529.9,175.3;537.3,168.0
61,0#706.5,412.6;751.1,338.2;658.1,356.8;598.7,371.7;609.8,464.6;621.0,557.5;628.4,371.7;621.0,234.1;621.0,234.1;615.4,161.7;702.7,341.9;713.9,286.2;669.3,237.9;568.9,223.0;541.1,169.1;541.1,161.7
62,0#710.6,395.6;736.0,315.2;655.6,361.8;600.6,378.7;600.6,467.5;617.5,556.4;630.2,370.2;621.7,234.8;621.7,234.8;617.5,158.7;685.2,302.5;727.5,281.4;668.3,243.3;575.2,226.4;549.8,162.9;543.5,122.7
63,0#712.1,391.0;733.9,308.2;664.1,369.2;607.5,386.7;581.3,465.1;611.8,552.3;638.0,373.6;620.5,238.4;620.5,238.4;616.2,168.7;681.6,269.0;738.2,273.3;668.5,247.2;576.9,229.7;546.4,181.8;542.1,120.7
64,0#717.2,400.8;742.3,318.4;667.1,372.1;613.4,382.9;570.4,454.5;595.5,544.0;642.0,379.3;617.0,243.2;617.0,243.2;609.8,171.6;699.3,261.1;735.1,264.7;670.7,246.8;570.4,236.1;523.9,200.3;536.4,155.5
65,0#721.9,431.0;746.6,346.5;665.6,378.2;609.2,392.3;577.5,455.7;567.0,550.8;640.9,381.7;619.8,244.4;616.3,244.4;604.0,175.7;693.8,254.9;729.0,247.9;665.6,244.4;570.5,240.9;521.2,216.2;547.6,168.7
66,0#720.7,460.6;752.8,375.1;670.8,375.1;606.7,378.6;585.3,460.6;574.6,549.7;638.7,378.6;613.8,246.8;613.8,246.8;604.9,177.2;649.4,221.8;710.0,225.4;656.6,246.8;567.4,246.8;521.1,236.1;540.7,184.4
67,0#718.1,472.7;748.1,390.2;673.1,367.7;609.4,382.7;586.9,465.2;571.9,551.4;639.4,378.9;613.1,243.9;609.4,247.7;600.0,170.8;635.6,191.4;684.4,210.2;654.4,243.9;568.1,243.9;523.1,247.7;541.9,206.4
68,0#720.4,492.3;739.3,401.2;667.2,367.1;606.5,374.7;576.2,454.4;568.6,549.2;636.9,374.7;606.5,241.9;606.5,241.9;593.2,167.9;631.2,167.9;663.4,192.5;648.3,230.5;561.0,249.5;523.0,268.4;542.0,226.7
69,0#719.6,511.5;719.6,420.6;667.2,364.6;604.2,371.6;562.3,438.0;569.3,535.9;635.7,371.6;600.7,238.8;600.7,238.8;585.0,167.1;583.3,256.3;634.0,174.1;635.7,228.3;558.8,245.8;527.3,280.7;544.8,242.3
70,0#724.5,531.1;699.8,440.4;662.7,358.1;605.1,358.1;543.3,424.0;563.9,514.6;633.9,358.1;584.5,230.4;584.5,226.2;576.2,160.3;588.6,110.9;617.4,156.2;621.5,222.1;547.4,242.7;535.0,296.3;539.2,263.3
71,0#732.2,544.9;685.7,452.0;653.5,359.1;599.9,359.1;517.7,405.5;553.5,487.7;624.9,359.1;574.9,230.4;574.9,226.8;566.0,160.7;571.3,266.1;607.1,273.3;610.6,219.7;535.6,244.7;524.9,294.7;542.7,269.7
72,0#718.7,531.7;682.5,443.2;650.3,346.7;589.9,346.7;497.4,382.9;545.7,459.3;618.1,350.7;565.8,226.0;565.8,221.9;553.7,145.5;596.0,139.4;612.0,139.4;606.0,205.8;525.5,242.0;513.5,298.4;537.6,282.3
73,0#710.1,529.1;682.9,443.8;632.6,354.7;574.4,354.7;481.4,358.6;535.7,432.2;601.6,354.7;558.9,222.9;555.1,219.1;547.3,149.3;589.9,126.1;624.8,172.6;605.4,203.6;512.4,242.3;477.6,292.7;508.6,269.4
74,0#703.2,524.2;683.9,442.9;614.2,361.6;563.8,369.3;478.6,342.2;517.3,423.5;590.9,365.4;548.3,233.8;548.3,229.9;536.7,152.4;590.9,152.4;625.8,195.0;598.7,222.1;494.1,245.4;439.9,280.2;474.7,264.7
75,0#696.0,515.7;681.4,435.3;601.0,365.9;542.5,369.5;473.1,340.3;498.7,424.3;571.8,369.5;535.2,241.6;535.2,234.3;531.6,164.9;597.3,172.2;622.9,219.7;586.4,227.0;487.7,248.9;418.3,259.9;447.5,259.9
76,0#680.8,500.9;680.8,421.9;591.4,380.6;536.4,390.9;467.7,360.0;488.3,442.5;563.9,384.1;526.1,250.0;526.1,243.1;522.7,174.4;598.3,198.4;618.9,243.1;570.8,246.6;474.5,253.4;409.2,239.7;450.5,198.4
77,0#658.2,477.4;667.2,399.0;576.7,386.9;522.4,399.0;468.1,380.9;489.2,468.4;552.6,395.9;519.4,257.1;519.4,251.1;516.4,184.7;594.8,220.9;612.9,260.2;567.7,254.1;471.1,254.1;425.8,227.0;425.8,181.7
78,0#631.7,456.4;653.2,379.7;573.4,395.0;515.0,401.2;462.8,407.3;484.3,496.3;542.7,401.2;518.1,266.1;515.0,259.9;512.0,195.5;597.9,244.6;607.2,281.4;564.2,263.0;472.1,263.0;435.2,235.4;422.9,186.2
79,0#605.2,437.2;629.7,357.6;571.5,394.3;510.3,406.6;467.4,434.1;485.8,526.0;537.8,403.5;519.5,274.9;516.4,268.7;513.3,204.4;599.1,268.7;605.2,305.5;562.3,277.9;470.5,265.7;421.5,247.3;421.5,207.5
80,0#493.3,544.8;493.3,471.5;563.3,408.2;500.0,408.2;476.7,461.5;486.7,548.1;536.6,408.2;523.3,281.7;520.0,275.0;516.7,208.4;609.9,288.4;599.9,318.3;569.9,285.0;473.4,278.4;423.4,275.0;426.7,238.4
81,0#498.0,484.6;504.3,446.7;561.2,402.4;507.4,405.6;482.1,478.3;482.1,560.5;532.7,405.6;526.4,285.4;526.4,272.8;515.4,226.9;608.6,310.7;605.5,336.0;577.0,288.6;475.8,282.2;425.2,291.7;428.4,266.4
82,0#484.5,548.5;528.6,472.9;569.5,403.6;509.7,403.6;478.2,466.6;478.2,551.6;534.9,403.6;528.6,280.7;528.6,268.1;520.7,225.6;582.1,353.2;610.5,340.6;582.1,283.9;478.2,280.7;427.8,305.9;430.9,280.7
83,0#522.3,491.9;553.2,423.8;571.7,396.0;516.1,392.9;475.9,439.3;482.1,532.1;543.9,396.0;531.5,278.5;531.5,266.2;523.8,205.9;608.8,315.6;630.5,328.0;584.1,281.6;482.1,275.4;432.6,315.6;420.2,306.4
84,0#525.4,505.3;558.6,426.8;579.7,387.6;522.4,381.6;477.1,411.8;480.2,505.3;549.6,387.6;540.5,276.0;537.5,257.9;533.0,205.1;612.9,309.2;649.1,312.2;594.8,276.0;486.2,276.0;447.0,324.2;437.9,309.2
85,0#529.6,525.9;558.4,442.8;584.0,394.8;542.4,391.6;481.6,378.8;488.0,465.2;558.4,394.8;545.6,270.0;545.6,254.0;537.6,194.8;628.8,289.2;660.8,289.2;603.2,270.0;491.2,273.2;459.2,327.6;443.2,321.2
86,0#532.4,541.7;566.9,462.2;577.3,386.1;528.9,372.2;494.3,355.0;508.1,417.2;549.6,379.2;549.6,261.6;549.6,247.7;541.0,187.2;643.0,227.0;670.7,258.1;605.0,254.6;490.8,268.5;459.7,330.7;442.4,341.1
87,0#539.6,559.8;568.7,468.7;568.7,381.3;517.8,370.4;488.6,348.5;528.7,556.1;543.3,377.7;550.5,253.8;550.5,239.2;556.0,171.9;658.0,179.1;659.8,228.3;601.5,242.9;495.9,261.1;463.1,315.7;452.2,344.9
88,0#549.1,555.9;567.7,462.9;571.4,373.7;511.9,362.5;560.3,451.8;578.9,470.4;541.7,370.0;552.8,243.5;552.8,236.1;562.1,163.6;673.7,171.0;657.0,202.6;601.2,236.1;497.0,251.0;445.0,299.3;452.4,329.0
89,0#551.1,536.7;579.7,454.5;565.4,368.6;508.1,361.5;561.8,415.1;608.3,468.8;536.8,365.1;551.1,232.7;551.1,229.2;567.2,166.6;669.1,186.3;658.3,218.4;601.1,225.6;497.4,239.9;433.0,272.1;458.1,286.4
90,0#568.0,505.2;595.0,423.6;570.1,361.3;515.4,359.8;563.7,417.3;606.7,476.7;543.1,360.9;555.7,230.3;556.3,225.2;571.8,164.2;672.4,204.3;659.7,231.2;605.7,227.0;503.4,232.6;442.5,256.0;470.5,260.1
91,0#584.9,473.7;610.3,392.7;574.8,354.1;522.8,358.0;565.6,419.5;605.2,484.6;549.4,356.7;560.3,227.9;561.5,221.2;576.4,161.9;675.7,222.4;661.0,244.0;610.3,228.4;509.3,225.2;451.9,239.8;482.8,233.8
92,0#601.9,442.2;625.7,361.8;579.4,346.8;530.1,356.3;567.4,421.7;603.6,492.5;555.7,352.4;564.9,225.6;566.7,217.1;581.1,159.5;679.0,240.4;662.4,256.8;614.8,229.7;515.3,217.9;461.4,223.7;495.2,207.4
93,0#618.8,410.7;641.0,330.9;584.1,339.6;537.5,354.5;569.3,423.9;602.1,500.4;562.0,348.2;569.5,223.2;571.9,213.1;585.7,157.2;682.3,258.5;663.7,269.6;619.4,231.1;521.2,210.5;470.8,207.5;507.5,181.1
94,0#635.7,379.2;656.3,300.0;588.8,332.3;544.8,352.8;571.2,426.1;600.5,508.3;568.3,344.0;574.1,220.8;577.1,209.1;590.3,154.8;685.6,276.5;665.1,282.4;624.0,232.5;527.2,203.2;480.3,191.4;519.9,154.8
95,0#621.3,340.3;637.4,269.1;598.6,320.9;550.1,330.6;572.7,421.1;592.1,511.7;576.0,327.3;579.2,210.9;582.4,204.4;603.5,147.8;692.4,295.0;673.0,285.3;631.0,227.1;533.9,191.5;475.7,204.4;517.8,178.6
96,0#691.7,316.0;638.6,262.8;605.3,319.3;558.8,329.3;575.4,422.4;592.0,505.5;582.0,322.6;588.7,209.6;592.0,196.3;610.3,144.8;695.1,309.3;678.4,276.1;641.9,222.9;538.8,189.7;482.3,219.6;508.9,199.6
97,0#597.6,499.4;580.4,413.3;607.9,327.2;556.3,330.6;576.9,413.3;594.2,499.4;583.8,327.2;597.6,206.6;601.1,196.3;623.5,136.0;701.0,303.1;690.6,265.2;649.3,216.9;552.8,192.8;501.1,230.7;487.4,230.7
98,0#657.9,371.1;667.9,290.8;614.4,314.2;567.5,324.3;584.2,414.6;597.6,498.3;590.9,317.6;607.7,203.7;611.0,190.3;639.5,138.5;704.8,284.1;718.1,260.6;657.9,217.1;560.8,193.7;497.2,233.9;513.9,223.8
99,0#659.4,417.5;673.9,333.9;623.1,312.1;572.2,315.8;586.8,413.8;597.7,501.0;597.7,312.1;626.7,206.8;626.7,192.2;650.3,128.7;713.9,243.1;739.3,246.7;677.6,214.0;572.2,195.9;503.2,217.7;528.6,228.6
100,0#661.7,477.8;679.1,380.1;640.7,324.2;581.4,327.7;588.3,428.9;591.8,516.3;609.3,327.7;630.3,208.9;633.7,195.0;653.0,151.3;714.1,212.4;759.5,226.4;682.6,219.4;581.4,198.5;508.0,212.4;560.4,208.9
101,0#668.9,523.0;673.1,433.8;647.6,348.8;592.4,348.8;588.1,442.3;583.9,535.8;622.1,348.8;643.4,217.0;643.4,208.5;673.1,144.8;728.4,161.8;758.1,204.3;694.4,217.0;588.1,208.5;520.1,204.3;558.4,170.3
102,0#660.9,555.7;669.4,466.5;656.6,368.8;605.6,364.5;588.7,458.0;563.2,551.4;635.4,368.8;652.4,228.6;648.1,228.6;677.9,160.6;741.6,143.6;741.6,190.3;699.1,228.6;601.4,220.1;550.4,194.6;575.9,147.9
103,0#647.1,579.9;667.6,489.8;675.8,395.5;622.6,383.2;589.8,481.6;552.9,575.8;647.1,391.4;659.4,248.0;659.4,252.1;671.7,182.4;731.1,139.4;733.2,202.9;704.5,248.0;614.4,243.9;577.5,207.0;585.7,157.9
104,0#643.0,599.8;671.0,515.8;687.0,419.7;631.0,407.7;591.0,499.8;547.0,591.8;659.0,411.7;667.0,275.7;667.0,283.7;679.0,211.6;711.0,199.6;743.1,231.6;711.0,271.7;627.0,275.7;579.0,235.6;589.0,181.6
105,0#648.8,630.3;676.1,540.7;699.5,447.3;641.1,435.6;586.5,521.3;539.8,610.8;668.3,443.4;676.1,303.2;676.1,311.0;687.8,237.0;703.4,248.7;746.2,264.2;711.2,299.3;633.3,303.2;590.4,264.2;588.5,211.7
106,0#658.0,657.3;681.9,565.5;705.9,465.7;650.0,457.7;582.1,545.6;542.2,629.4;677.9,465.7;681.9,334.0;681.9,342.0;705.9,270.1;717.8,294.1;749.8,322.0;729.8,334.0;638.0,326.0;598.1,290.1;592.1,248.1
107,0#551.5,647.1;579.1,564.4;649.9,489.6;705.0,501.5;693.2,588.0;673.5,690.4;681.4,497.5;693.2,359.8;689.3,367.6;724.7,300.7;588.9,271.2;602.7,324.4;646.0,355.8;646.0,355.8;602.7,324.4;596.8,271.2
108,0#568.7,658.8;572.5,579.4;655.7,515.1;708.6,522.7;701.0,628.6;689.7,715.5;682.1,522.7;701.0,386.6;693.5,394.1;746.4,341.2;604.6,309.0;606.5,348.7;742.6,397.9;651.9,382.8;599.0,345.0;589.5,309.0
109,0#707.5,733.9;707.5,641.1;707.5,544.5;651.9,537.1;562.7,574.2;581.3,663.3;677.8,544.5;700.1,410.9;700.1,414.6;744.7,366.3;596.2,381.2;748.4,414.6;733.5,425.7;651.9,403.4;599.9,366.3;590.6,327.3
110,0#710.7,736.2;721.7,651.6;703.3,567.1;648.2,556.0;567.3,574.4;585.7,666.3;673.9,563.4;692.3,434.7;692.3,431.1;736.4,383.3;681.2,464.1;718.0,467.8;732.7,445.8;655.5,420.0;600.4,390.6;593.0,346.5
111,0#709.6,726.9;727.6,651.5;702.5,579.7;645.0,576.1;576.8,583.3;587.6,673.1;673.7,579.7;691.7,446.9;688.1,446.9;724.0,396.6;720.4,432.5;749.1,454.1;727.6,461.3;648.6,432.5;601.9,407.4;594.8,367.9
112,0#699.0,706.5;728.4,632.9;702.6,588.8;640.1,588.8;581.3,603.5;596.0,699.1;669.5,588.8;687.9,463.8;687.9,463.8;717.4,408.6;676.9,504.2;717.4,518.9;724.7,474.8;647.5,449.0;599.7,423.3;596.0,382.8
113,0#681.0,687.2;719.8,623.7;698.6,599.0;635.1,599.0;592.8,623.7;592.8,722.5;663.4,599.0;684.5,471.9;688.1,475.5;709.2,419.0;673.9,517.8;712.8,539.0;723.4,486.0;645.7,457.8;599.8,429.6;592.8,394.3
114,0#668.8,673.2;710.8,611.8;691.4,605.3;642.9,598.8;591.2,631.2;588.0,721.7;665.5,602.1;688.2,485.7;688.2,482.5;707.6,424.3;675.2,543.9;707.6,550.3;723.7,498.6;649.4,469.5;600.9,437.2;594.4,401.7
115,0#660.0,684.8;704.8,608.0;695.2,614.4;647.2,608.0;583.2,617.6;583.2,707.2;669.6,611.2;685.6,489.6;685.6,486.4;701.6,425.5;672.8,518.4;714.4,553.6;724.0,499.2;647.2,476.7;602.4,441.5;592.8,409.5
116,0#664.4,708.8;696.2,623.2;693.0,626.4;645.4,620.0;578.8,594.6;588.3,680.3;667.6,620.0;683.5,493.1;683.5,490.0;696.2,429.7;686.6,518.5;712.0,547.1;721.5,502.6;642.2,483.6;601.0,445.6;591.5,413.8
117,0#661.8,741.5;686.4,660.5;689.9,625.3;644.2,618.3;573.8,572.5;591.4,653.5;668.8,621.8;682.9,495.1;686.4,495.1;700.5,431.7;686.4,554.9;718.1,554.9;725.1,509.2;651.2,491.6;609.0,456.4;594.9,428.2
118,0#645.0,767.2;675.9,691.5;686.2,636.5;638.1,615.8;586.5,550.5;589.9,629.6;662.2,626.1;689.7,502.3;689.7,495.4;703.4,430.1;679.4,557.3;720.6,560.8;727.5,512.6;648.4,492.0;610.6,461.0;596.8,426.6
119,0#645.7,761.3;676.7,686.5;688.2,627.3;640.0,606.5;588.8,552.7;591.6,632.6;664.1,616.9;688.8,493.9;688.8,485.8;700.5,422.9;684.9,550.2;726.2,552.5;728.5,504.2;646.8,484.1;609.5,467.0;596.8,436.0
120,0#646.4,755.3;677.5,681.5;690.2,618.0;641.8,597.2;591.1,554.9;593.3,635.6;666.1,607.6;687.9,485.4;687.9,476.1;697.6,415.7;690.3,543.1;731.8,544.2;729.4,495.8;645.2,476.2;608.3,473.0;596.8,445.4
121,0#647.1,749.4;678.4,676.6;692.2,608.8;643.6,588.0;593.3,557.0;595.1,638.6;668.0,598.4;686.9,476.9;686.9,466.5;694.7,408.5;695.8,535.9;737.4,536.0;730.4,487.3;643.6,468.3;607.2,479.1;596.8,454.9
122,0#647.8,743.5;679.2,671.6;694.2,599.6;645.5,578.7;595.6,559.2;596.8,641.6;669.9,589.1;686.0,468.5;686.0,456.9;691.8,401.3;701.3,528.8;743.0,527.7;731.3,478.9;642.0,460.4;606.1,485.1;596.8,464.3
123,0#648.5,737.5;680.0,666.6;696.2,590.3;647.4,569.4;597.9,561.4;598.5,644.6;671.9,579.9;685.1,460.1;685.1,447.2;688.9,394.1;706.7,521.7;748.6,519.4;732.2,470.5;640.4,452.5;604.9,491.1;596.8,473.7
124,0#649.2,731.6;680.8,661.6;698.2,581.1;649.2,560.1;600.2,563.6;600.2,647.6;673.8,570.6;684.2,451.6;684.2,437.6;686.0,386.9;712.2,514.6;754.2,511.1;733.2,462.1;638.8,444.6;603.8,497.1;596.8,483.1
125,0#658.1,695.6;696.0,645.1;699.1,566.2;648.6,547.3;595.0,578.8;601.3,664.0;673.9,553.6;680.2,443.1;683.4,427.3;684.9,375.2;727.5,509.4;768.6,496.8;730.7,449.4;632.9,439.9;598.1,493.6;588.7,490.4
126,0#665.0,663.1;725.2,625.8;696.5,554.0;647.7,542.5;596.0,591.3;598.9,683.2;670.7,551.1;682.2,439.2;685.0,419.1;686.5,380.3;745.3,488.0;794.2,476.5;736.7,442.0;630.5,433.4;581.7,482.2;593.2,482.2
127,0#683.2,654.1;754.4,614.9;704.2,556.2;648.9,548.6;606.1,609.8;597.3,700.9;675.0,554.3;688.7,434.3;690.5,418.5;694.5,378.9;748.0,453.1;799.2,450.8;741.7,437.3;636.3,429.2;591.8,459.4;615.6,449.2
128,0#701.3,645.0;783.5,603.9;711.8,558.5;650.1,554.6;616.1,628.3;595.6,718.7;679.3,557.5;695.1,429.4;696.1,417.9;702.5,377.4;750.8,418.1;804.1,425.0;746.8,432.7;642.0,425.1;601.8,436.5;637.9,416.2
129,0#719.5,636.0;812.7,593.0;719.5,560.7;651.3,560.7;626.2,646.8;594.0,736.4;683.6,560.7;701.6,424.5;701.6,417.3;710.5,376.0;753.5,383.2;809.1,399.3;751.8,428.0;647.8,420.9;611.9,413.7;660.3,383.2
130,0#743.5,647.7;819.1,597.6;730.9,561.2;663.5,561.2;634.7,631.9;619.5,717.1;696.2,561.2;706.0,426.6;706.0,419.6;711.5,374.4;760.0,380.4;809.8,401.4;754.6,427.4;654.3,425.2;628.6,429.2;673.7,398.0
131,0#767.6,659.4;825.5,602.3;742.3,561.8;675.8,561.8;643.2,617.0;644.9,697.9;708.9,561.8;710.3,428.8;710.3,421.9;712.6,372.7;766.5,377.5;810.5,403.6;757.5,426.9;660.8,429.6;645.3,444.8;687.0,412.9
132,0#791.6,671.1;831.9,606.9;753.7,562.3;688.0,562.3;651.7,602.2;670.4,678.6;721.5,562.3;714.7,430.9;714.7,424.2;713.6,371.1;773.1,374.7;811.1,405.7;760.3,426.4;667.2,433.9;661.9,460.3;700.4,427.7
133,0#815.7,682.8;838.3,611.5;765.1,562.8;700.2,562.8;660.2,587.3;695.9,659.3;734.1,562.8;719.1,433.1;719.1,426.5;714.7,369.5;779.6,371.9;811.8,407.8;763.2,425.8;673.7,438.2;678.6,475.8;713.8,442.5
134,0#839.8,694.5;844.7,616.2;776.5,563.4;712.5,563.4;668.7,572.4;721.3,640.1;746.8,563.4;723.4,435.2;723.4,428.8;715.8,367.8;786.1,369.0;812.5,410.0;766.0,425.2;680.2,442.6;695.3,491.4;727.1,457.4
135,0#863.8,706.2;851.1,620.8;787.9,563.9;724.7,563.9;677.2,557.5;746.8,620.8;759.4,563.9;727.8,437.4;727.8,431.1;716.8,366.2;792.6,366.2;813.2,412.1;768.9,424.7;686.7,446.9;712.0,506.9;740.5,472.2
136,0#902.5,693.9;862.7,611.1;792.1,565.1;740.0,574.3;690.9,556.0;764.5,617.3;767.6,571.3;730.8,445.6;730.8,436.4;729.3,370.4;795.2,384.2;813.6,430.2;773.7,433.3;690.9,451.7;721.6,534.5;764.5,476.2
137,0#900.3,687.0;874.0,605.0;812.4,569.8;742.0,572.7;703.9,566.8;777.2,634.3;777.2,572.7;736.2,449.6;736.2,437.9;737.6,371.9;797.7,402.7;818.3,443.7;780.1,434.9;692.2,458.4;718.6,519.9;768.4,481.8
138,0#893.6,674.3;882.2,588.8;805.3,560.3;751.1,568.9;719.8,588.8;785.3,657.2;776.8,563.2;742.6,449.2;739.7,437.8;744.0,376.5;799.6,415.0;828.1,454.9;785.3,437.8;697.0,457.7;702.7,509.0;722.6,483.4
139,0#888.9,655.9;888.9,575.3;811.4,554.5;757.7,569.4;724.9,608.2;793.5,673.8;784.5,566.4;751.7,447.1;748.7,438.2;747.2,374.0;802.4,429.2;838.2,465.0;796.5,444.1;704.0,459.0;695.1,518.7;718.9,497.8
140,0#885.4,633.8;894.7,552.6;816.7,558.8;760.5,574.4;732.3,621.3;794.8,690.0;791.7,565.1;760.5,449.5;757.3,440.1;762.0,376.1;819.8,455.7;851.0,471.4;807.3,443.3;710.5,458.9;682.4,512.0;710.5,480.7
141,0#882.9,608.7;892.2,528.2;824.0,553.0;768.3,571.6;740.4,633.5;793.0,701.7;793.0,559.2;765.2,447.7;765.2,435.3;763.6,396.5;824.0,456.9;867.4,469.3;814.7,444.6;715.6,456.9;662.9,494.1;690.8,484.8
142,0#879.7,588.3;882.8,506.3;826.0,560.0;769.3,572.6;753.5,645.1;797.7,720.8;797.7,569.4;775.6,446.4;772.4,433.8;774.0,394.4;838.7,443.2;882.8,449.6;826.0,443.2;722.0,446.4;658.9,465.3;690.4,459.0
143,0#872.1,575.2;879.0,496.0;823.9,561.4;772.3,578.6;772.3,657.8;799.8,730.1;799.8,564.8;779.2,437.4;779.2,434.0;774.0,384.1;844.6,403.0;889.4,437.4;830.8,434.0;731.0,437.4;658.6,440.9;679.3,420.2
144,0#865.7,567.9;869.7,491.3;829.4,555.8;777.0,576.0;785.0,652.6;781.0,737.2;805.2,559.9;785.0,430.9;785.0,430.9;785.0,362.3;877.8,382.5;893.9,426.8;833.4,426.8;736.7,430.9;672.2,418.8;680.2,378.4
145,0#867.5,573.4;867.5,497.0;834.7,555.2;780.2,569.7;776.5,642.5;798.4,729.8;809.3,555.2;791.1,431.6;791.1,431.6;787.5,362.5;900.2,398.8;892.9,427.9;838.4,427.9;743.8,427.9;700.2,406.1;682.0,369.7
146,0#868.3,588.7;875.7,510.7;838.6,551.5;790.3,566.4;764.3,633.3;820.0,707.6;812.6,562.7;797.7,432.7;797.7,432.7;794.0,365.8;901.7,410.4;894.3,436.4;842.3,432.7;753.1,432.7;701.1,421.5;682.6,384.4
147,0#874.2,605.2;884.4,527.5;840.4,561.3;793.1,574.8;755.9,622.1;823.5,679.6;816.7,564.7;799.8,442.9;799.8,439.6;803.2,375.3;894.5,429.4;897.9,459.8;847.2,442.9;752.5,439.6;701.8,429.4;688.3,399.0
148,0#876.6,613.4;881.9,536.0;838.8,555.8;791.5,567.6;763.6,614.9;822.0,673.8;814.9,558.8;802.1,439.3;802.5,435.2;807.6,371.8;894.7,438.4;897.7,461.1;849.0,440.1;754.8,435.6;702.6,429.4;690.8,408.3
149,0#878.9,621.5;879.5,544.5;837.1,550.3;789.9,560.4;771.4,607.6;820.5,668.0;813.1,552.9;804.3,435.7;805.1,430.9;812.0,368.2;894.9,447.5;897.4,462.4;850.8,437.3;757.1,431.7;703.5,429.5;693.3,417.6
150,0#881.2,629.7;877.0,553.0;835.5,544.8;788.3,553.2;779.1,600.4;819.1,662.1;811.3,546.9;806.6,432.1;807.8,426.5;816.4,364.7;895.1,456.5;897.2,463.8;852.6,434.5;759.4,427.7;704.3,429.5;695.9,426.9
151,0#883.6,637.8;874.6,561.5;833.8,539.3;786.7,546.0;786.9,593.2;817.6,656.3;809.5,541.0;808.9,428.5;810.5,422.1;820.7,361.1;895.3,465.6;897.0,465.1;854.4,431.7;761.7,423.7;705.2,429.6;698.4,436.2
152,0#886.0,646.0;872.1,570.0;832.2,533.8;785.2,538.9;794.6,585.9;816.1,650.5;807.7,535.1;811.1,424.9;813.1,417.8;825.1,357.6;895.5,474.6;896.8,466.4;856.3,428.8;764.1,419.8;706.0,429.6;700.9,445.6
153,0#888.3,654.2;869.7,578.5;830.6,528.3;783.6,531.7;802.4,578.7;814.6,644.6;805.9,529.2;813.4,421.3;815.8,413.4;829.5,354.0;895.7,483.6;896.5,467.8;858.1,426.0;766.4,415.8;706.8,429.7;703.4,454.9
154,0#890.7,662.3;867.2,587.0;828.9,522.8;782.0,524.5;810.1,571.4;813.2,638.8;804.1,523.2;815.6,417.7;818.4,409.1;833.9,350.4;895.9,492.7;896.3,469.1;859.9,423.2;768.7,411.9;707.7,429.8;706.0,464.2
155,0#893.0,670.5;864.8,595.5;827.3,517.3;780.4,517.3;817.9,564.2;811.7,633.0;802.3,517.3;817.9,414.1;821.1,404.7;838.3,346.9;896.1,501.7;896.1,470.4;861.7,420.4;771.0,407.9;708.5,429.8;708.5,473.5
156,0#884.5,658.3;860.7,580.2;826.7,505.4;775.7,505.4;809.7,563.2;813.1,641.4;802.9,505.4;813.1,393.3;816.5,386.5;835.2,323.6;877.7,488.4;884.5,454.4;860.7,403.5;768.9,389.9;704.3,406.9;745.1,406.9
157,0#881.7,646.2;855.3,570.4;825.6,494.6;779.5,494.6;805.8,570.4;812.4,646.2;799.2,494.6;812.4,375.9;812.4,366.0;830.6,308.3;861.9,471.5;875.1,435.2;858.6,382.5;769.6,366.0;703.6,379.2;746.5,352.8
158,0#878.0,629.7;853.6,552.9;836.1,479.6;780.3,479.6;794.2,563.4;808.2,647.2;804.7,479.6;808.2,357.5;811.7,350.5;823.9,282.4;850.1,451.7;867.5,420.3;853.6,367.9;766.3,347.0;714.0,336.5;741.9,305.1
159,0#871.5,611.4;848.8,539.4;829.8,463.7;780.6,475.0;788.2,550.8;795.7,634.1;803.3,463.7;807.1,342.5;807.1,334.9;814.7,270.5;852.6,433.4;860.1,406.9;845.0,353.9;773.0,331.1;742.7,297.0;763.6,249.7
160,0#866.4,603.1;846.6,528.0;826.9,456.9;775.5,452.9;783.4,535.9;783.4,622.8;803.2,460.8;799.2,338.3;799.2,334.4;803.2,263.3;858.5,417.3;842.7,393.6;830.8,342.3;767.6,338.3;779.5,381.8;811.1,405.5
